"p_val","x"
9.75243810953e-06,1.09861228867
0,3.04452243772
0,2.83321334406
0,2.63905732962
0,0.69314718056
0,1.79175946923
0,1.60943791243
0,3.52636052462
0,4.12713438505
7.35183795949e-05,0.69314718056
0,3.82864139649
0.000123780945236,2.07944154168
0,2.3978952728
0.000204051012753,3.4657359028
0,4.2341065046
0.000618154538635,3.09104245336
0.00172843210803,1.38629436112
0,3.33220451018
0.000126031507877,3.89182029811
7.50187546887e-05,2.19722457734
0,1.94591014906
3.22580645161e-05,1.09861228867
0.00198499624906,0.69314718056
0.000128282070518,1.38629436112
0,3.55534806149
0.00295273818455,1.09861228867
0.00074943735934,2.19722457734
0,3.33220451018
0.000253188297074,2.07944154168
0.00199849962491,2.3978952728
1.0127531883e-05,2.3978952728
0,4.00733318523
3.3008252063e-05,4.04305126783
0.00297074268567,1.79175946923
0.000207051762941,2.99573227355
0,3.89182029811
1.05026256564e-05,1.60943791243
7.65191297824e-05,1.94591014906
0,3.21887582487
0.000210052513128,2.99573227355
0.000130532633158,2.07944154168
0.000682295573893,0.69314718056
0,4.34380542185
0.000960990247562,3.78418963392
0.000256564141035,4.31748811354
0.0014703675919,2.7080502011
1.08777194299e-05,3.73766961828
0.00129407351838,1.38629436112
0.000132783195799,3.58351893846
1.12528132033e-05,3.36729582999
0.00259114778695,2.48490664979
0,2.30258509299
0.00148087021755,3.25809653802
0.000259939984996,1.38629436112
0.000213053263316,2.63905732962
0.00266691672918,2.8903717579
1.16279069767e-05,3.49650756147
0.000170667666917,4.39444915467
1.20030007502e-05,3.85014760171
0.00101500375094,2.30258509299
0.000263315828957,3.13549421593
0.000216054013503,3.33220451018
0.00013503375844,3.25809653802
0.00110427606902,2.63905732962
0.00149137284321,1.94591014906
0.000266691672918,2.63905732962
0.000270067516879,4.15888308336
3.37584396099e-05,3.21887582487
0.00013728432108,3.97029191355
1.23780945236e-05,3.58351893846
0.000379594898725,2.94443897917
0.000427606901725,2.7080502011
0.000333833458365,2.19722457734
0.000219054763691,4.21950770518
0,5.08759633523
0.000907726931733,2.99573227355
5.40135033758e-05,3.21887582487
0,4.09434456222
0.000519879969992,3.21887582487
0.000139534883721,4.07753744391
1.27531882971e-05,2.63905732962
0.00084096024006,3.36729582999
0.000688672168042,3.40119738166
1.31282820705e-05,3.63758615973
0.0027951987997,3.89182029811
0.000525131282821,3.13549421593
0.00027344336084,4.7621739348
0.00268379594899,3.40119738166
0.000276819204801,3.55534806149
0.00111290322581,2.8903717579
0.000756189047262,2.56494935746
0.00270067516879,2.77258872224
1.3503375844e-05,4.44265125649
1.38784696174e-05,3.13549421593
0.00102325581395,1.38629436112
0,4.04305126783
0,2.77258872224
1.42535633908e-05,3.25809653802
0.000141785446362,3.49650756147
0.00062415603901,2.56494935746
0.000762940735184,3.21887582487
0.000769692423106,2.7080502011
0.000530382595649,1.79175946923
0.00229557389347,3.61091791264
0.0011215303826,2.19722457734
0.000144036009002,1.79175946923
0.000280195048762,1.60943791243
0.000283570892723,3.49650756147
7.80195048762e-05,1.38629436112
0.00010127531883,2.19722457734
0.0029887471868,2.48490664979
3.45086271568e-05,2.07944154168
0.000477869467367,1.94591014906
0.00113015753938,0.69314718056
1.46286571643e-05,1.38629436112
0.00180720180045,1.09861228867
1.50037509377e-05,1.94591014906
3.52588147037e-05,2.30258509299
0,3.13549421593
0.000383720930233,1.60943791243
0.000286946736684,0.69314718056
0.0178833458365,1.60943791243
0.00556339084771,1.09861228867
0.0127535633908,1.09861228867
0.017935483871,1.60943791243
0.0055903975994,2.77258872224
0.00935746436609,0.69314718056
0.081263315829,1.09861228867
0.0143387096774,1.09861228867
0.032912228057,1.60943791243
0.00698199549887,1.38629436112
0.200160540135,1.38629436112
0.0381781695424,1.94591014906
0.0602374343586,2.3978952728
0.0167374343586,1.09861228867
0.0430420105026,1.60943791243
0.00829444861215,1.09861228867
0.0314763690923,1.79175946923
0.0571372843211,2.19722457734
0.444561515379,2.19722457734
0.090819579895,3.09104245336
0.0127989497374,1.60943791243
0.0107936984246,1.09861228867
0.00517629407352,1.38629436112
0.0201759189797,0.69314718056
0.0207299324831,1.94591014906
0.295948987247,1.79175946923
0.0813780945236,1.79175946923
0.0690292573143,1.60943791243
0.154782070518,1.09861228867
0.0481177794449,1.09861228867
0.069135783946,0.69314718056
0.256057764441,1.09861228867
0.0207865716429,0.69314718056
0.0501312828207,1.09861228867
0.00773405851463,1.38629436112
0.187445986497,0.69314718056
0.0431264066017,1.09861228867
0.0209812453113,1.09861228867
0.0239294823706,1.09861228867
0.021291447862,1.60943791243
0.086443735934,1.94591014906
0.0524193548387,1.60943791243
0.1021024006,1.60943791243
0.0454028507127,1.94591014906
0.00561740435109,1.94591014906
0.0583683420855,1.60943791243
0.0728357089272,1.79175946923
0.0274381095274,2.48490664979
0.0231657914479,1.09861228867
0.239606151538,1.09861228867
0.0261290322581,1.09861228867
0.0540416354089,2.19722457734
0.578348837209,1.38629436112
0.348832708177,4.06044301055
0.00610652663166,1.09861228867
0.0165626406602,1.60943791243
0.200755063766,0.69314718056
0.000848087021755,1.94591014906
0.120552138035,1.79175946923
0.0213488372093,0.69314718056
0.0603383345836,0.69314718056
0.151582145536,0.69314718056
0.0315472618155,1.79175946923
0.012844336084,1.60943791243
0.0307456864216,2.3978952728
0.0660348837209,0.69314718056
0.00564441110278,3.58351893846
0.106191297824,0.69314718056
0.0721496624156,2.63905732962
0.0100431357839,3.25809653802
0.00663765941485,1.94591014906
0.204892723181,1.79175946923
0.020231807952,2.3978952728
0.0761650412603,1.94591014906
0.0476489122281,2.3978952728
0.0895337584396,0.69314718056
0.312982745686,1.09861228867
0.130643660915,1.79175946923
0.0596894223556,2.30258509299
0.00360540135034,3.78418963392
0.0604392348087,2.07944154168
0.090175543886,1.79175946923
0.290135033758,0.69314718056
0.00986946736684,1.60943791243
0.266652663166,1.38629436112
0.0791815453863,1.60943791243
0.0202876969242,2.19722457734
0.0070127531883,1.60943791243
0.0700206301575,1.09861228867
0.224458739685,3.43398720449
0.143522130533,0.69314718056
0.0496526631658,1.38629436112
0.00420855213803,2.3978952728
0.142175543886,2.19722457734
0.497364216054,1.38629436112
0.0345821455364,1.38629436112
0.0838372093023,1.94591014906
0.166157914479,2.19722457734
0.0605401350338,2.19722457734
0.119208927232,1.79175946923
0.00990847711928,0.69314718056
0.0646001500375,1.79175946923
0.317108402101,1.94591014906
0.363032258065,1.38629436112
0.229569392348,1.60943791243
0.0548510877719,2.07944154168
0.317342085521,1.60943791243
0.0541372843211,1.09861228867
0.0253788447112,1.09861228867
0.038256564141,2.48490664979
0.0915881470368,1.09861228867
0.0975483870968,1.09861228867
0.43684096024,1.79175946923
0.146162790698,1.38629436112
0.372696924231,2.07944154168
0.0502224306077,2.3978952728
0.149882970743,2.7080502011
0.427865716429,2.07944154168
0.132049512378,1.38629436112
0.265969617404,2.56494935746
0.3288012003,0.69314718056
0.063644036009,2.19722457734
0.466084771193,0.69314718056
0.111170667667,1.60943791243
0.0154576144036,2.83321334406
0.369078769692,2.19722457734
0.0373469617404,1.09861228867
0.235225431358,0.69314718056
0.424542385596,1.09861228867
0.112913728432,1.38629436112
0.01592048012,2.07944154168
0.0181695423856,2.63905732962
0.0261935483871,2.48490664979
0.0104516129032,2.7080502011
0.430935858965,1.79175946923
0.030816204051,1.79175946923
0.0584681170293,1.38629436112
0.330508627157,0.69314718056
0.0412123030758,1.79175946923
0.431201050263,1.60943791243
0.146319954989,1.94591014906
0.401098274569,0.69314718056
0.129245311328,3.4657359028
0.237510877719,3.09104245336
0.292187546887,1.60943791243
0.186519129782,2.3978952728
0.0572363090773,3.09104245336
0.00704351087772,4.3040650932
0.279243810953,0.69314718056
0.00113878469617,2.3978952728
0.000290322580645,4.33073334029
0.0239909977494,0.69314718056
0.0143863465866,3.13549421593
0.0291935483871,1.60943791243
0.129392348087,1.38629436112
0.262355588897,2.19722457734
0.0323109527382,3.49650756147
0.0132250562641,2.30258509299
0.0458604651163,1.60943791243
0.0745798949737,2.19722457734
0.104107276819,2.30258509299
0.252054013503,1.09861228867
0.0262580645161,2.63905732962
0.222430232558,2.83321334406
0.0254426106527,1.60943791243
0.000630157539385,2.83321334406
0.0148357089272,3.61091791264
0.428130157539,1.38629436112
0.56313615904,1.60943791243
0.000432108027007,4.65396035016
0.0263225806452,1.79175946923
0.323893473368,1.38629436112
0.166325581395,3.76120011569
0.0653810952738,2.19722457734
0.058567891973,2.30258509299
0.02705963991,2.19722457734
0.0316181545386,2.3978952728
0.153776444111,3.43398720449
0.372948237059,2.07944154168
0.0606410352588,0.69314718056
0.00492573143286,1.60943791243
0.446797449362,0.69314718056
0.0579501125281,1.38629436112
0.000337584396099,3.40119738166
0.000535633908477,2.30258509299
0.324129032258,0.69314718056
0.0692423105776,0.69314718056
0.00114741185296,4.47733681448
0.00495086271568,2.48490664979
0.168623405851,2.48490664979
1.53788447112e-05,3.91202300543
0.0448612153038,1.94591014906
0.0693488372093,1.60943791243
0.349078019505,1.60943791243
0.182390097524,1.60943791243
0.0287621905476,2.48490664979
0.015,2.3978952728
0.0607419354839,1.60943791243
0.0503135783946,1.38629436112
0.00063615903976,4.44265125649
0.329038259565,0.69314718056
0.0284009752438,1.94591014906
0.00423105776444,2.94443897917
0.0814928732183,2.77258872224
0.00956489122281,2.63905732962
0.0637471867967,2.07944154168
0.0958402100525,1.79175946923
0.0738544636159,0.69314718056
0.0649381095274,1.79175946923
0.0144339834959,2.07944154168
0.000855213803451,3.87120101091
0.00115603900975,3.17805383035
0.395749437359,1.38629436112
0.082680420105,2.30258509299
0.00567141785446,2.7080502011
0.0159696174044,1.60943791243
0.123582895724,1.79175946923
0.0663765941485,1.60943791243
0.11801387847,2.07944154168
0.00103150787697,2.8903717579
0.0224958739685,2.63905732962
0.00215228807202,2.63905732962
0.133164291073,1.09861228867
0.0463435858965,2.77258872224
0.195078019505,1.79175946923
0.0104921230308,4.00733318523
0.0275037509377,2.48490664979
0.105063015754,2.63905732962
0.0383349587397,1.38629436112
0.0608428357089,2.48490664979
0.369329332333,1.09861228867
0.3055,0.69314718056
0.155790697674,2.30258509299
0.00150187546887,3.36729582999
0.641049137284,1.38629436112
0.060943735934,1.09861228867
0.401356714179,1.09861228867
0.162641410353,1.79175946923
0.00707426856714,3.33220451018
0.473302325581,1.09861228867
0.107930232558,1.09861228867
0.070695423856,2.94443897917
0.195258814704,2.07944154168
0.123726931733,1.60943791243
0.0105326331583,4.1743872699
0.00652438109527,2.99573227355
0.4518072018,3.04452243772
0.220175543886,2.83321334406
0.224653413353,2.07944154168
0.269606151538,1.09861228867
0.277629407352,2.83321334406
0.00222355588897,3.85014760171
0.505423105776,0.69314718056
0.0263870967742,1.79175946923
0.116511627907,1.79175946923
0.178183795949,2.56494935746
0.214324456114,1.09861228867
0.13892348087,1.79175946923
0.000776444111028,2.19722457734
0.133313578395,2.8903717579
0.00078319579895,3.97029191355
0.0288297074269,2.3978952728
0.189528882221,1.38629436112
0.0264516129032,1.60943791243
0.369579894974,2.56494935746
0.0126031507877,2.56494935746
0.0650420105026,1.94591014906
0.0807689422356,2.19722457734
0.116651162791,2.56494935746
0.0746905476369,1.09861228867
0.303315828957,1.94591014906
0.0586676669167,2.30258509299
0.161115528882,2.19722457734
0.355312828207,2.48490664979
0.183659414854,1.09861228867
0.108064141035,1.60943791243
0.0563900975244,1.38629436112
0.00482745686422,4.06044301055
0.163876969242,2.77258872224
0.121902850713,1.79175946923
0.111750187547,1.60943791243
0.105626406602,2.07944154168
0.0308867216804,2.19722457734
0.369830457614,1.60943791243
0.0182220555139,1.94591014906
0.00569842460615,3.58351893846
0.0329842460615,1.60943791243
0.0301856714179,3.55534806149
0.165451612903,2.19722457734
0.175611402851,2.19722457734
0.126977494374,3.52636052462
0.0284681170293,2.19722457734
0.022008252063,2.99573227355
0.0942344336084,2.3978952728
0.196613653413,1.09861228867
0.637749437359,1.09861228867
0.0120832708177,3.33220451018
0.635610652663,1.09861228867
0.314925731433,2.3978952728
0.0374246061515,2.63905732962
0.153938484621,2.07944154168
0.0160187546887,3.4657359028
0.537761815454,1.09861228867
0.0527231807952,1.60943791243
0.0772385596399,2.56494935746
0.0677730682671,2.3978952728
0.0384133533383,2.83321334406
0.0490858964741,2.07944154168
0.0359144786197,3.13549421593
0.0323825956489,1.79175946923
0.123870967742,1.38629436112
0.0844576144036,2.94443897917
0.000341335333833,4.04305126783
0.119350337584,1.94591014906
0.14647711928,2.94443897917
0.258651912978,1.09861228867
0.217548762191,3.49650756147
0.00572543135784,3.40119738166
0.0664816204051,2.3978952728
0.0214062265566,2.56494935746
0.00795498874719,2.56494935746
0.0729452363091,2.77258872224
0.32927531883,2.7080502011
0.251389347337,2.07944154168
0.145657164291,1.94591014906
0.0432108027007,2.63905732962
0.021463615904,3.49650756147
0.0241991747937,3.58351893846
0.276069017254,1.38629436112
0.118154538635,2.56494935746
0.144683045761,1.09861228867
0.0531222805701,1.79175946923
0.069455363841,2.63905732962
0.0553548387097,0.69314718056
0.0449474868717,2.30258509299
0.22708252063,1.79175946923
0.416399099775,2.48490664979
0.346011627907,2.63905732962
0.114844711178,2.30258509299
0.0265161290323,3.25809653802
0.0730547636909,0.69314718056
0.305729182296,1.38629436112
0.147492123031,2.30258509299
0.52238372093,1.60943791243
0.249652663166,0.69314718056
0.0236612903226,2.63905732962
0.178357464366,2.19722457734
0.677534883721,1.94591014906
0.0580495123781,1.38629436112
0.550673668417,0.69314718056
0.0748012003001,2.83321334406
0.0155063765941,2.83321334406
0.00409414853713,3.09104245336
0.180174418605,1.09861228867
0.0139422355589,2.07944154168
0.049743435859,1.79175946923
0.238757689422,2.99573227355
0.22854276069,1.60943791243
0.10073855964,2.30258509299
0.108198049512,2.48490664979
0.386478994749,2.19722457734
0.236267066767,1.79175946923
0.632208552138,1.94591014906
0.164043510878,2.19722457734
0.419428357089,1.79175946923
0.061044636159,2.56494935746
0.373199549887,2.19722457734
0.0611455363841,2.83321334406
0.299054763691,2.19722457734
0.139076144036,3.40119738166
0.124015003751,1.60943791243
0.0128897224306,3.66356164613
0.193324831208,1.38629436112
0.0477378094524,3.17805383035
0.229765941485,2.48490664979
0.349323330833,1.38629436112
1.57539384846e-05,4.44265125649
0.444830457614,1.38629436112
0.438872093023,1.38629436112
0.0150483870968,3.76120011569
0.00472993248312,4.31748811354
0.349568642161,2.7080502011
0.675778694674,1.60943791243
0.0390975243811,2.83321334406
0.0375022505626,2.94443897917
0.154100525131,1.94591014906
0.0808833458365,1.38629436112
0.29928132033,0.69314718056
0.00878619654914,3.82864139649
0.0587674418605,3.13549421593
0.0139894973743,2.7080502011
0.382373593398,0.69314718056
0.224848087022,1.79175946923
0.16879219805,3.55534806149
0.442867216804,2.63905732962
0.154944486122,2.56494935746
0.0980915228807,3.36729582999
0.00208177044261,4.1743872699
0.274297074269,2.3978952728
0.1967951988,2.3978952728
0.108331957989,2.7080502011
0.0588672168042,1.60943791243
0.346255813953,2.3978952728
0.0749118529632,4.36944785247
0.168960990248,2.19722457734
0.107494373593,1.38629436112
0.0334456114029,3.52636052462
0.253385596399,0.69314718056
0.0783548387097,2.63905732962
0.497648912228,1.94591014906
0.365924606152,2.07944154168
0.012127531883,3.04452243772
0.0210382595649,2.56494935746
0.401615153788,2.30258509299
0.0796710427607,1.79175946923
0.212111027757,1.60943791243
0.54612528132,0.69314718056
0.0532168042011,2.48490664979
0.389348837209,1.09861228867
0.236466616654,2.83321334406
0.0407531882971,1.38629436112
0.00575243810953,3.58351893846
0.443135783946,1.09861228867
0.421680420105,1.09861228867
0.196976744186,2.3978952728
0.620768942236,1.38629436112
0.204108027007,0.69314718056
0.299507876969,1.60943791243
0.0115453863466,2.99573227355
0.242206301575,1.09861228867
0.0110333833458,3.82864139649
0.108465866467,3.52636052462
0.153258814704,2.07944154168
0.465176294074,1.38629436112
0.136384096024,2.07944154168
0.215128282071,1.38629436112
0.272529632408,1.38629436112
0.0140367591898,3.87120101091
0.14056264066,3.13549421593
0.0773503375844,4.63472898823
0.359656789197,1.09861228867
0.667730682671,1.09861228867
0.00710502625656,3.73766961828
0.305958364591,1.60943791243
0.235424606152,2.94443897917
0.244774193548,2.77258872224
0.0203435858965,3.58351893846
0.169129782446,2.7080502011
0.373450862716,1.09861228867
0.22504276069,1.94591014906
0.344992498125,0.69314718056
0.324364591148,3.52636052462
0.0865626406602,4.3040650932
0.250520255064,2.99573227355
0.452703675919,0.69314718056
0.702688672168,1.94591014906
0.317575768942,1.60943791243
0.10423855964,2.56494935746
0.497933608402,0.69314718056
0.180911477869,3.13549421593
0.0199849962491,3.09104245336
0.158342835709,3.52636052462
0.1182951988,2.07944154168
0.213100150038,2.94443897917
0.237710802701,1.60943791243
0.152580645161,2.83321334406
0.410297449362,0.69314718056
0.310772693173,1.38629436112
0.373702175544,2.19722457734
0.876383345836,1.09861228867
0.498218304576,1.38629436112
0.136535633908,2.77258872224
0.229962490623,4.5538768916
0.00444186046512,3.93182563272
0.0400547636909,3.68887945411
0.018695423856,3.63758615973
0.0316890472618,4.52178857705
0.12415903976,2.19722457734
0.0982179294824,1.60943791243
0.186695423856,1.60943791243
0.567441860465,1.79175946923
0.129539384846,4.38202663467
0.0471822955739,3.13549421593
0.330746061515,2.19722457734
0.178531132783,2.83321334406
0.286546511628,2.07944154168
0.233058139535,3.17805383035
0.426730682671,1.60943791243
0.124303075769,1.94591014906
0.171873968492,2.07944154168
0.627321830458,1.09861228867
0.227909977494,1.94591014906
0.638067516879,0.69314718056
0.376834208552,1.38629436112
0.0654853713428,3.04452243772
0.43146624156,1.60943791243
0.218550637659,2.30258509299
0.437107651913,1.38629436112
0.349813953488,2.48490664979
0.166493248312,2.07944154168
0.299734433608,2.19722457734
0.0144816204051,2.83321334406
0.358123780945,2.07944154168
0.330983495874,1.79175946923
0.124447111778,2.19722457734
0.0612464366092,3.95124371858
0.350059264816,1.94591014906
0.263924981245,3.58351893846
0.49850300075,1.38629436112
0.567741935484,1.79175946923
0.424806076519,3.25809653802
0.0589669917479,2.07944154168
0.563435858965,1.09861228867
0.317809452363,1.09861228867
0.113050262566,4.07753744391
0.217740435109,2.07944154168
0.189706676669,1.38629436112
0.489362340585,1.60943791243
0.0959654913728,2.30258509299
0.0182745686422,3.4657359028
0.124591147787,1.79175946923
0.0491762940735,2.30258509299
0.550970367592,3.13549421593
0.0784677419355,2.19722457734
0.267549137284,2.19722457734
0.44509939985,1.09861228867
0.244977494374,2.3978952728
0.370081020255,2.63905732962
0.443404351088,2.63905732962
0.214514628657,1.79175946923
0.311003750938,1.60943791243
0.243510877719,3.76120011569
0.466361215304,1.94591014906
0.668055138785,0.69314718056
0.816747936984,0.69314718056
0.389604651163,2.48490664979
0.136687171793,3.09104245336
0.0150967741935,3.40119738166
0.0335180045011,4.07753744391
0.12204576144,3.295836866
0.161280945236,2.30258509299
0.172043135784,4.5747109785
0.650710802701,0.69314718056
0.656534133533,0.69314718056
0.278327831958,3.17805383035
0.0722588147037,2.94443897917
0.0105731432858,3.58351893846
0.337570892723,2.19722457734
0.42839459865,0.69314718056
0.23015903976,2.48490664979
0.140716429107,2.99573227355
0.308109527382,1.09861228867
0.606526631658,1.09861228867
0.489645536384,1.60943791243
0.3465,2.19722457734
0.120694298575,1.79175946923
0.331220930233,1.09861228867
0.538055513878,1.79175946923
0.390944486122,2.19722457734
0.685430607652,1.79175946923
0.616236684171,0.69314718056
0.0803900975244,3.78418963392
0.568042010503,1.60943791243
0.313214928732,1.60943791243
0.0248912228057,3.98898404656
0.479494373593,1.79175946923
0.166660915229,3.04452243772
0.578651162791,1.38629436112
0.079784696174,3.78418963392
0.0255063765941,4.80402104473
0.0359902475619,4.06044301055
0.502956489122,1.38629436112
0.169298574644,2.77258872224
0.0510952738185,4.29045944115
0.143677794449,3.36729582999
0.108599774944,2.19722457734
0.038491747937,4.39444915467
0.313447111778,2.56494935746
0.299960990248,2.07944154168
0.0731642910728,2.8903717579
0.108733683421,1.94591014906
0.36144036009,1.60943791243
0.188375093773,3.93182563272
0.187622655664,2.8903717579
0.632525131283,2.19722457734
0.250725431358,3.295836866
0.648668417104,1.38629436112
0.0155551387847,3.80666248977
0.391200675169,2.07944154168
0.386734433608,2.8903717579
0.362235933983,2.56494935746
0.0976744186047,3.55534806149
0.391456864216,3.40119738166
0.419690172543,1.94591014906
0.108867591898,2.56494935746
0.274512378095,1.60943791243
0.56373555889,0.69314718056
0.0827955738935,3.21887582487
0.19256264066,5.30330490806
0.513237059265,1.60943791243
0.703019504876,1.38629436112
0.205077644411,2.83321334406
0.755851462866,1.38629436112
0.508360465116,0.69314718056
0.146634283571,3.7135720667
0.0195506376594,4.46590811865
0.51813615904,2.30258509299
0.268919729932,2.30258509299
0.720165791448,1.38629436112
0.600506376594,1.38629436112
0.264135783946,3.21887582487
0.252719429857,2.56494935746
0.876739309827,1.38629436112
0.202359339835,3.09104245336
0.638385596399,1.09861228867
0.350304576144,2.99573227355
0.245180795199,2.07944154168
0.520258064516,2.99573227355
0.356347336834,1.60943791243
0.245384096024,2.83321334406
0.267761815454,3.49650756147
0.546421605401,2.07944154168
0.302090772693,2.30258509299
0.0215210052513,3.09104245336
0.0298844711178,3.63758615973
0.00713578394599,4.1743872699
0.0425757689422,3.80666248977
0.0779819954989,2.30258509299
0.638703675919,0.69314718056
0.325588897224,1.79175946923
0.564035258815,2.3978952728
0.782177419355,1.09861228867
0.0401350337584,3.55534806149
0.242408477119,2.94443897917
0.119491747937,3.87120101091
0.0215783945986,4.90527477844
0.448228807202,1.09861228867
0.339106526632,1.09861228867
0.551267066767,1.79175946923
0.130791447862,2.30258509299
0.218742685671,3.04452243772
0.457662415604,1.94591014906
0.0931714178545,3.25809653802
0.0665866466617,3.36729582999
0.55703675919,1.38629436112
0.0129351087772,3.33220451018
0.476813203301,2.94443897917
0.100060015004,3.25809653802
0.498787696924,1.09861228867
0.235623780945,2.7080502011
0.183835333833,4.27666611902
0.0732738184546,3.25809653802
0.222624156039,4.15888308336
0.614872468117,1.79175946923
0.396006751688,1.79175946923
0.336277944486,2.94443897917
0.401873593398,3.36729582999
0.189884471118,1.38629436112
0.27274456114,2.8903717579
0.202543135784,2.19722457734
0.463717179295,3.295836866
0.745414103526,0.69314718056
0.56433495874,2.07944154168
0.1787048012,2.30258509299
0.489928732183,1.60943791243
0.295231057764,2.63905732962
0.604130157539,0.69314718056
0.499072393098,2.30258509299
0.490211927982,3.36729582999
0.593176294074,1.09861228867
0.292411102776,2.8903717579
0.407115528882,2.56494935746
0.0172149287322,3.21887582487
0.568342085521,0.69314718056
0.272959489872,3.36729582999
0.215318829707,2.94443897917
0.703350337584,0.69314718056
0.322907351838,3.52636052462
0.331458364591,2.3978952728
0.911930982746,2.56494935746
0.622453113278,2.3978952728
0.774988372093,1.60943791243
0.178878469617,2.7080502011
0.546717929482,2.07944154168
0.580579894974,2.94443897917
0.36672468117,3.09104245336
0.787842460615,1.38629436112
0.106926106527,3.68887945411
0.325824831208,2.48490664979
0.256265941485,1.38629436112
0.138277569392,4.2341065046
0.396264066017,1.38629436112
0.51352588147,1.60943791243
0.276284696174,2.30258509299
0.0504047261815,3.61091791264
0.440291072768,2.8903717579
0.466637659415,2.19722457734
0.517176294074,2.3978952728
0.16144636159,3.76120011569
0.508648162041,2.30258509299
0.359903975994,3.17805383035
0.273174418605,2.48490664979
0.763279819955,2.56494935746
0.253592273068,3.55534806149
0.313679294824,2.83321334406
0.55933495874,1.09861228867
0.381301575394,2.3978952728
0.510463615904,1.79175946923
0.293349587397,2.56494935746
0.0396279069767,5.14749447681
0.402132033008,1.60943791243
0.703681170293,1.94591014906
0.0733833458365,4.85203026392
0.363829332333,2.99573227355
0.56864216054,3.40119738166
0.208419354839,3.40119738166
0.407374343586,3.91202300543
0.105194673668,3.55534806149
0.504474868717,1.09861228867
0.263244936234,1.94591014906
0.572357464366,1.60943791243
0.668379594899,1.09861228867
0.490495123781,1.79175946923
0.184011252813,2.99573227355
0.978846211553,0.69314718056
0.356593773443,2.3978952728
0.580882595649,1.60943791243
0.513814703676,1.79175946923
0.273389347337,2.48490664979
0.439139534884,2.56494935746
0.547014253563,2.07944154168
0.364078019505,3.43398720449
0.499357089272,2.3978952728
0.124735183796,3.82864139649
0.522674418605,2.30258509299
0.987650787697,2.19722457734
0.440558889722,2.77258872224
0.482183045761,2.30258509299
0.522965116279,1.09861228867
0.61183795949,2.83321334406
0.396521380345,2.30258509299
0.232024006001,3.61091791264
0.682685671418,1.60943791243
0.668704051013,1.79175946923
0.366974493623,3.04452243772
0.669028507127,1.09861228867
0.523255813953,1.94591014906
0.686544636159,1.60943791243
0.564634658665,1.38629436112
0.202726931733,3.61091791264
0.745750937734,1.38629436112
0.479774943736,2.07944154168
0.523546511628,1.79175946923
0.810135033758,1.38629436112
0.350549887472,3.63758615973
0.207441860465,3.55534806149
0.495571642911,2.07944154168
0.318043135784,1.79175946923
0.914547636909,1.38629436112
0.756189047262,2.19722457734
0.435080270068,2.30258509299
0.245587396849,3.04452243772
0.568942235559,4.26267987704
0.482464366092,2.99573227355
0.379666916729,3.87120101091
0.318276819205,1.94591014906
0.482745686422,2.3978952728
0.651031507877,1.94591014906
0.198657164291,1.94591014906
0.625199549887,1.09861228867
0.576310577644,1.94591014906
0.669352963241,0.69314718056
0.216315453863,3.52636052462
0.40763315829,2.7080502011
0.373953488372,4.15888308336
0.547310577644,2.7080502011
0.756526631658,1.09861228867
0.704012003001,1.60943791243
0.207627906977,3.93182563272
0.370331582896,3.7135720667
0.407891972993,2.30258509299
0.630078769692,2.30258509299
0.437374343586,1.94591014906
0.704342835709,1.38629436112
0.326060765191,3.33220451018
0.656855963991,1.94591014906
0.3507951988,2.3978952728
0.499641785446,2.30258509299
0.510751687922,1.60943791243
0.33169579895,3.40119738166
0.49992648162,2.94443897917
0.315666166542,4.48863636973
0.605482370593,3.95124371858
0.518426106527,2.48490664979
0.669677419355,2.19722457734
0.594822580645,1.79175946923
0.670001875469,3.40119738166
0.136838709677,3.21887582487
0.155106901725,3.04452243772
0.483027006752,2.30258509299
0.309072768192,3.13549421593
0.834418604651,1.79175946923
0.0542329332333,3.36729582999
0.508935858965,3.55534806149
0.738069767442,3.52636052462
0.0613473368342,4.31748811354
0.788186046512,1.09861228867
0.473581395349,3.7135720667
0.552855213803,1.94591014906
0.686871717929,1.60943791243
0.692845086272,2.48490664979
0.398903225806,2.99573227355
0.27472768192,3.25809653802
0.478292948237,2.7080502011
0.673699924981,2.19722457734
0.572657914479,1.09861228867
0.721311327832,0.69314718056
0.318510502626,4.12713438505
0.177241185296,3.61091791264
0.657177794449,1.94591014906
0.514103525881,3.17805383035
0.606836084021,2.48490664979
0.581185296324,2.8903717579
0.553152288072,1.60943791243
0.651352213053,1.38629436112
0.677860465116,1.09861228867
0.495855963991,3.73766961828
0.462810952738,3.66356164613
0.584749812453,3.43398720449
0.523837209302,1.94591014906
0.654804576144,2.19722457734
0.0896549137284,5.79909265446
0.817094898725,1.79175946923
0.83476744186,1.09861228867
0.531892348087,3.66356164613
0.415540135034,3.78418963392
0.995627531883,1.60943791243
0.738405101275,1.60943791243
0.628384096024,2.3978952728
0.402390472618,3.89182029811
0.440826706677,3.91202300543
0.477093023256,2.56494935746
0.732096774194,1.79175946923
0.120836459115,3.17805383035
0.360151162791,2.77258872224
0.402648912228,3.52636052462
0.296174043511,3.09104245336
0.727939609902,2.3978952728
0.746087771943,2.8903717579
0.87056264066,3.09104245336
0.670326331583,3.43398720449
0.339347711928,4.24849524205
0.487783570893,1.94591014906
0.402907351838,3.93182563272
0.939848462116,1.09861228867
0.718689047262,1.79175946923
0.695608402101,1.79175946923
0.693173293323,2.77258872224
0.947515003751,1.38629436112
0.486289572393,4.85203026392
0.670650787697,3.17805383035
0.370582145536,3.295836866
0.403165791448,2.8903717579
0.596164291073,1.94591014906
0.530625656414,4.02535169074
0.877095273818,1.94591014906
0.569242310578,3.36729582999
0.728273068267,1.60943791243
0.326296699175,3.295836866
0.473860465116,2.30258509299
0.416660165041,3.295836866
0.98976444111,0.69314718056
0.622766691673,2.77258872224
0.715224306077,2.48490664979
0.817441860465,1.94591014906
0.445368342086,2.99573227355
0.414421605401,3.97029191355
0.704673668417,2.83321334406
0.721644036009,1.79175946923
0.306187546887,2.99573227355
0.657499624906,2.19722457734
0.782520630158,0.69314718056
0.719021005251,1.38629436112
0.861936234059,1.94591014906
0.590385596399,2.48490664979
0.873470742686,1.38629436112
0.461630532633,4.33073334029
0.493498124531,4.64439089914
0.746424606152,2.48490664979
0.74676144036,1.38629436112
0.78286384096,0.69314718056
0.478573143286,3.55534806149
0.657821455364,2.48490664979
0.877451237809,2.63905732962
0.518716054014,3.68887945411
0.893745311328,1.94591014906
0.500211177794,2.19722457734
0.823535633908,2.3978952728
0.55733495874,1.38629436112
0.8778072018,1.38629436112
0.514392348087,4.35670882669
0.195439609902,3.66356164613
0.480978244561,3.25809653802
0.290358214554,3.21887582487
0.555040510128,2.48490664979
0.705004501125,0.69314718056
0.947882970743,0.69314718056
0.503241935484,2.56494935746
0.817788822206,2.77258872224
0.169467366842,2.8903717579
0.56493435859,4.24849524205
0.898267066767,2.19722457734
0.547606901725,3.17805383035
0.914909977494,1.60943791243
0.582814703676,1.94591014906
0.553449362341,3.43398720449
0.653077269317,3.17805383035
0.854614403601,1.60943791243
0.775330832708,1.79175946923
0.534430232558,2.3978952728
0.560635408852,2.07944154168
0.63039459865,1.38629436112
0.690414103526,3.63758615973
0.338338334584,5.43372200355
0.898625656414,1.79175946923
0.425069767442,3.68887945411
0.243713803451,3.87120101091
0.639021755439,1.60943791243
0.623080270068,4.20469261939
0.431731432858,4.15888308336
0.888438109527,0.69314718056
0.607145536384,2.83321334406
0.639339834959,3.85014760171
0.705335333833,3.58351893846
0.800088522131,3.40119738166
0.715555888972,2.7080502011
0.524127906977,3.91202300543
0.230355588897,5.48893772616
0.6871987997,1.79175946923
0.641367591898,2.77258872224
0.818135783946,1.09861228867
0.524418604651,3.09104245336
0.812745686422,1.79175946923
0.696731432858,2.07944154168
0.788529632408,0.69314718056
0.742745686422,3.36729582999
0.763618904726,3.09104245336
0.849485746437,0.69314718056
0.600814328582,3.17805383035
0.773455363841,2.3978952728
0.341415603901,4.45434729625
0.705666166542,3.58351893846
0.813092273068,2.7080502011
0.715887471868,2.48490664979
0.844313578395,1.60943791243
0.765481995499,2.30258509299
0.832475993999,1.94591014906
0.683012003001,3.21887582487
0.800433983496,2.63905732962
0.70599699925,2.3978952728
0.813438859715,3.58351893846
0.743911102776,3.91202300543
0.595129032258,3.36729582999
0.894103525881,1.94591014906
0.813785446362,2.48490664979
0.60112228057,2.3978952728
0.878163165791,1.38629436112
0.756864216054,2.48490664979
0.706327831958,3.80666248977
0.783207051763,2.30258509299
0.747098274569,4.27666611902
0.658143285821,4.12713438505
0.593482370593,3.68887945411
0.990138784696,1.94591014906
0.788873218305,3.21887582487
0.601430232558,1.79175946923
0.818482745686,1.38629436112
0.676103900975,3.36729582999
0.796627531883,3.49650756147
0.818829707427,2.07944154168
0.823882970743,2.07944154168
0.728606526632,3.49650756147
0.524709302326,5.29831736655
0.747435108777,1.79175946923
0.699309452363,3.33220451018
0.770735183796,2.63905732962
0.670975243811,2.83321334406
0.819176669167,1.79175946923
0.945078769692,1.09861228867
0.819523630908,2.30258509299
0.706658664666,3.04452243772
0.800779444861,0.69314718056
0.747771942986,2.3978952728
0.969947486872,1.09861228867
0.801124906227,1.09861228867
0.801470367592,3.4657359028
0.775673293323,2.07944154168
0.765821455364,3.82864139649
0.678186046512,3.52636052462
0.917167291823,2.77258872224
0.674024756189,3.49650756147
0.596471117779,3.85014760171
0.83511627907,2.94443897917
0.403424231058,3.82864139649
0.849837209302,3.21887582487
0.653398349587,3.52636052462
0.864618904726,2.77258872224
0.94544636159,0.69314718056
0.819870592648,3.04452243772
0.75720180045,2.19722457734
0.930524381095,2.7080502011
0.820217554389,3.295836866
0.990513128282,1.60943791243
0.789216804201,4.11087386417
0.789560390098,2.94443897917
0.789903975994,1.94591014906
0.783550262566,3.21887582487
0.783893473368,3.43398720449
0.724123030758,3.68887945411
0.898984246062,2.63905732962
0.954374343586,1.38629436112
0.776015753938,3.33220451018
0.748108777194,2.63905732962
0.835465116279,2.30258509299
0.820564516129,1.94591014906
0.732430607652,2.56494935746
0.948250937734,1.79175946923
0.460096774194,5.26785815906
0.748445611403,3.89182029811
0.820911477869,1.79175946923
0.930889722431,1.60943791243
0.878519129782,2.8903717579
0.810481245311,3.13549421593
0.801815828957,2.3978952728
0.970318829707,1.09861228867
0.85496624156,2.48490664979
0.814132033008,2.30258509299
0.835813953488,0.69314718056
0.903739684921,2.8903717579
0.802161290323,2.3978952728
0.780294073518,2.56494935746
0.784236684171,4.29045944115
0.917530382596,3.4657359028
0.658465116279,5.09375020081
0.917893473368,1.09861228867
0.802506751688,2.07944154168
0.802852213053,1.79175946923
0.909901350338,2.07944154168
0.850188672168,2.8903717579
0.890086271568,1.79175946923
0.810827456864,3.82864139649
0.850540135034,1.09861228867
0.97921867967,1.09861228867
0.836162790698,3.40119738166
0.824230307577,3.04452243772
0.8887951988,2.19722457734
0.716219054764,2.83321334406
0.943012753188,1.38629436112
0.878875093773,2.8903717579
0.894461740435,2.63905732962
0.93403975994,1.09861228867
0.904099024756,1.60943791243
0.923566766692,2.94443897917
0.803197674419,3.82864139649
0.996002250563,2.19722457734
0.870917104276,2.3978952728
0.879231057764,2.19722457734
0.918256564141,2.56494935746
0.990887471868,0.69314718056
0.690741935484,4.38202663467
0.862289197299,3.295836866
0.923930232558,1.38629436112
0.850891597899,1.94591014906
0.85531807952,3.13549421593
0.879587021755,2.83321334406
0.836511627907,2.77258872224
0.918619654914,2.63905732962
0.957927231808,2.63905732962
0.85784696174,2.63905732962
0.924293698425,1.38629436112
0.824577644411,1.09861228867
0.894819954989,2.19722457734
0.864972243061,2.30258509299
0.879942985746,3.49650756147
0.991261815454,2.63905732962
0.858199549887,4.5538768916
0.99163615904,2.63905732962
0.958295948987,3.21887582487
0.858552138035,4.35670882669
0.80856564141,4.24849524205
0.82125843961,2.94443897917
0.865325581395,4.47733681448
0.880298949737,2.30258509299
0.895178169542,1.94591014906
0.901360465116,3.63758615973
0.948618904726,2.99573227355
0.880654913728,3.17805383035
0.824924981245,4.21950770518
0.979591147787,3.13549421593
0.954742685671,2.30258509299
0.899342835709,3.82864139649
0.958664666167,2.30258509299
0.943379969992,2.63905732962
0.959033383346,2.19722457734
0.988024756189,2.7080502011
0.948986871718,2.99573227355
0.955111027757,2.30258509299
0.970690172543,1.09861228867
0.899701425356,2.77258872224
0.955479369842,2.30258509299
0.918982745686,2.07944154168
0.900060015004,3.04452243772
0.901719429857,2.83321334406
0.971061515379,2.19722457734
0.968596774194,3.98898404656
0.985539384846,2.19722457734
0.975016129032,2.56494935746
0.940215303826,1.79175946923
0.655126031508,1.60943791243
0.919345836459,2.56494935746
0.971432858215,3.295836866
0.985912978245,2.56494935746
0.851243060765,1.38629436112
0.940582145536,1.60943791243
0.94935483871,1.09861228867
0.945813953488,2.8903717579
0.959402100525,2.99573227355
0.964179294824,1.09861228867
0.949722805701,3.17805383035
0.959770817704,1.60943791243
0.950090772693,2.07944154168
0.934405476369,3.73766961828
0.992010502626,1.38629436112
0.996376969242,2.63905732962
0.996751687922,2.83321334406
0.992384846212,3.78418963392
0.931255063766,1.60943791243
0.940948987247,1.94591014906
0.979963615904,2.30258509299
0.992759189797,2.56494935746
0.980336084021,2.63905732962
0.999624906227,2.56494935746
0.97180420105,3.4657359028
0.960139534884,2.77258872224
0.955847711928,2.63905732962
0.972175543886,2.56494935746
0.988398724681,4.04305126783
0.931620405101,1.79175946923
0.919708927232,2.30258509299
0.964549137284,2.07944154168
0.997126406602,3.36729582999
0.997501125281,3.17805383035
0.962831957989,3.89182029811
0.890443735934,2.30258509299
0.972546886722,4.33073334029
0.993133533383,2.19722457734
0.997875843961,0.69314718056
0.950458739685,3.13549421593
0.972918229557,2.77258872224
0.950826706677,4.14313472639
0.858904726182,1.60943791243
0.980708552138,2.3978952728
0.941315828957,2.07944154168
0.951194673668,3.40119738166
0.95156264066,3.63758615973
0.973289572393,3.80666248977
0.924657164291,4.12713438505
0.975387846962,3.25809653802
0.874748687172,1.60943791243
0.920072018005,2.19722457734
0.951930607652,2.8903717579
0.82527231808,4.64439089914
0.9658975994,0.69314718056
0.881010877719,2.07944154168
0.943747186797,1.79175946923
0.936828207052,4.21950770518
0.88136684171,2.56494935746
0.998250562641,2.56494935746
0.851594523631,4.53259949315
0.966267816954,1.60943791243
0.908595648912,2.94443897917
0.937194298575,2.19722457734
0.902078394599,1.09861228867
0.920435108777,3.89182029811
0.90243735934,2.77258872224
0.92079819955,2.30258509299
0.956216054014,2.48490664979
0.895536384096,3.63758615973
0.881722805701,3.13549421593
0.892093773443,2.8903717579
0.975759564891,2.30258509299
0.993507876969,1.38629436112
0.934771192798,2.3978952728
0.814478619655,3.98898404656
0.882078769692,3.25809653802
0.952298574644,1.79175946923
0.89589459865,2.3978952728
0.859257314329,2.99573227355
0.956584396099,2.77258872224
0.851945986497,2.07944154168
0.86264216054,2.30258509299
0.896252813203,2.3978952728
0.984176669167,1.09861228867
0.839855588897,1.38629436112
0.952666541635,2.7080502011
0.86567891973,3.49650756147
0.882434733683,3.49650756147
0.79024756189,4.20469261939
0.803543135784,3.40119738166
0.976131282821,1.60943791243
0.844663915979,2.48490664979
0.754674418605,4.21950770518
0.925020630158,4.93447393313
0.836860465116,2.07944154168
0.724456114029,4.73619844839
0.953034508627,2.30258509299
0.8908012003,0.69314718056
0.926339084771,2.77258872224
0.784579894974,3.21887582487
0.859609902476,1.09861228867
0.8402048012,4.35670882669
0.825619654914,3.04452243772
0.852297449362,3.68887945411
0.852648912228,2.8903717579
0.82160540135,1.94591014906
0.721976744186,3.36729582999
0.853000375094,1.38629436112
0.658786946737,4.7621739348
0.935136909227,2.19722457734
0.862995123781,2.63905732962
0.882790697674,2.7080502011
0.585053263316,5.33271879327
0.883146661665,1.38629436112
0.803888597149,2.77258872224
0.804234058515,2.3978952728
0.921161290323,3.73766961828
0.569542385596,4.3040650932
0.973660915229,2.19722457734
0.825966991748,5.53733426702
0.826314328582,4.3040650932
0.795416354089,3.13549421593
0.706989497374,3.63758615973
0.847321830458,3.09104245336
0.748782445611,2.48490664979
0.707320330083,3.4657359028
0.671299699925,3.63758615973
0.837209302326,3.52636052462
0.910262565641,1.94591014906
0.796972243061,3.21887582487
0.784923105776,3.58351893846
0.757539384846,2.99573227355
0.814825206302,2.83321334406
0.981081020255,1.79175946923
0.859962490623,1.38629436112
0.74911927982,3.89182029811
0.866032258065,1.60943791243
0.707651162791,2.19722457734
0.977488372093,0.69314718056
0.785266316579,1.60943791243
0.840554013503,2.19722457734
0.683338334584,3.295836866
0.986286571643,3.91202300543
0.569842460615,3.93182563272
0.749456114029,3.43398720449
0.845014253563,1.09861228867
0.707981995499,3.295836866
0.749792948237,2.99573227355
0.736239309827,3.09104245336
0.80457951988,2.7080502011
0.905402475619,0.69314718056
0.883502625656,3.13549421593
0.587295573893,4.20469261939
0.826661665416,2.19722457734
0.941682670668,2.48490664979
0.69963915979,3.63758615973
0.780636909227,3.13549421593
0.785609527382,1.09861228867
0.910623780945,1.60943791243
0.773797449362,2.30258509299
0.790591147787,2.07944154168
0.493782070518,4.39444915467
0.86031507877,0.69314718056
0.815171792948,2.30258509299
0.804924981245,2.94443897917
0.708312828207,3.25809653802
0.434201050263,3.82864139649
0.763957989497,2.56494935746
0.837558139535,1.38629436112
0.728939984996,2.77258872224
0.912292573143,0.69314718056
0.626260315079,3.295836866
0.790934733683,2.77258872224
0.593788447112,4.36944785247
0.767007501875,2.30258509299
0.740573893473,2.77258872224
0.896611027757,2.83321334406
0.896969242311,2.07944154168
0.708643660915,2.48490664979
0.565234058515,4.20469261939
0.750129782446,3.43398720449
0.821952363091,0.69314718056
0.678511627907,3.66356164613
0.866385596399,2.48490664979
0.716550637659,3.21887582487
0.866738934734,0.69314718056
0.66399699925,1.94591014906
0.693501500375,2.83321334406
0.827009002251,1.94591014906
0.827356339085,1.60943791243
0.757876969242,2.7080502011
0.616548387097,3.09104245336
0.868366466617,2.19722457734
0.750466616654,2.7080502011
0.708974493623,2.56494935746
0.827703675919,1.79175946923
0.805270442611,2.56494935746
0.935502625656,2.07944154168
0.678837209302,3.13549421593
0.797316954239,2.99573227355
0.993882220555,1.09861228867
0.776358214554,2.77258872224
0.514681170293,3.40119738166
0.960508252063,2.63905732962
0.832824456114,1.94591014906
0.776700675169,2.8903717579
0.494066016504,3.33220451018
0.793861965491,2.48490664979
0.805615903976,2.8903717579
0.842709677419,1.60943791243
0.560934733683,2.19722457734
0.351040510128,4.11087386417
0.671624156039,4.20469261939
0.805961365341,2.07944154168
0.931985746437,1.60943791243
0.709305326332,2.30258509299
0.806306826707,1.09861228867
0.777043135784,1.94591014906
0.981453488372,0.69314718056
0.693829707427,3.73766961828
0.845364591148,1.94591014906
0.70963615904,3.295836866
0.981825956489,1.38629436112
0.806652288072,2.30258509299
0.84305963991,1.09861228867
0.659108777194,3.13549421593
0.771923855964,3.93182563272
0.648988747187,3.58351893846
0.921524381095,2.07944154168
0.585356714179,3.63758615973
0.831231807952,4.06044301055
0.856582145536,1.79175946923
0.41055663916,5.00394630595
0.853351837959,0.69314718056
0.750803450863,2.3978952728
0.845714928732,2.07944154168
0.709966991748,2.30258509299
0.83317291823,2.99573227355
0.79127831958,2.3978952728
0.740909602401,2.19722457734
0.811173668417,2.63905732962
0.729273443361,1.09861228867
0.613509752438,2.77258872224
0.883858589647,0.69314718056
0.384267816954,3.33220451018
0.474139534884,4.06044301055
0.578953488372,3.4657359028
0.724789197299,3.13549421593
0.751140285071,2.8903717579
0.500495873968,2.07944154168
0.561234058515,3.93182563272
0.780979744936,1.79175946923
0.884214553638,1.79175946923
0.61971267817,2.48490664979
0.641686046512,2.83321334406
0.604438859715,4.2341065046
0.642004501125,1.09861228867
0.828051012753,1.60943791243
0.607454988747,3.04452243772
0.331933233308,3.52636052462
0.846065266317,2.77258872224
0.921887471868,1.60943791243
0.351285821455,4.4188406078
0.764297074269,3.55534806149
0.597814703676,4.52178857705
0.547903225806,4.12713438505
0.697855213803,3.63758615973
0.679162790698,1.38629436112
0.837906976744,2.19722457734
0.738740435109,1.60943791243
0.785952738185,2.56494935746
0.791621905476,1.38629436112
0.49256264066,4.1743872699
0.75147711928,3.04452243772
0.72512228057,1.79175946923
0.483308327082,3.4657359028
0.729606901725,2.30258509299
0.922250562641,1.09861228867
0.79887471868,3.82864139649
0.642322955739,3.58351893846
0.777385596399,2.7080502011
0.725455363841,1.38629436112
0.540607651913,3.61091791264
0.474418604651,4.94164242261
0.585660165041,3.36729582999
0.710297824456,2.48490664979
0.659430607652,1.79175946923
0.403682670668,5.25749537203
0.65975243811,3.33220451018
0.431996624156,3.04452243772
0.797661665416,2.63905732962
0.290581395349,4.91265488574
0.598121905476,2.83321334406
0.525,5.89440283426
0.396778694674,3.49650756147
0.710628657164,0.69314718056
0.225237434359,3.89182029811
0.520548387097,2.99573227355
0.410815828957,4.2341065046
0.751813953488,3.66356164613
0.674349587397,1.79175946923
0.791965491373,3.52636052462
0.777728057014,0.69314718056
0.872193548387,0.69314718056
0.635927981995,2.19722457734
0.570142535634,2.19722457734
0.270293323331,3.40119738166
0.525290697674,3.68887945411
0.884570517629,2.19722457734
0.932351087772,0.69314718056
0.710959489872,2.3978952728
0.786295948987,1.94591014906
0.772265566392,3.49650756147
0.642641410353,1.79175946923
0.649309077269,2.7080502011
0.716882220555,2.7080502011
0.792309077269,2.07944154168
0.102824456114,4.4188406078
0.532183795949,1.94591014906
0.632841710428,4.04305126783
0.645432108027,5.77144112313
0.403941110278,3.295836866
1,1.09861228867
0.717213803451,2.30258509299
0.51103975994,3.13549421593
0.621082145536,3.04452243772
0.345236309077,2.48490664979
0.391713053263,2.19722457734
0.679488372093,2.07944154168
0.616860090023,2.77258872224
0.937560390098,1.38629436112
0.664319954989,3.78418963392
0.68752588147,2.48490664979
0.452975243811,4.69134788223
0.60776444111,2.30258509299
0.932716429107,1.09861228867
0.399160915229,3.36729582999
0.73276444111,3.58351893846
0.711290322581,1.09861228867
0.129686421605,3.68887945411
0.660074268567,1.79175946923
0.520838709677,3.04452243772
0.570442610653,2.7080502011
0.875104276069,1.79175946923
0.274942985746,3.40119738166
0.525581395349,1.79175946923
0.646510127532,2.30258509299
0.671948612153,2.3978952728
0.58759939985,2.63905732962
0.525872093023,3.09104245336
0.511327831958,3.36729582999
0.612148537134,4.34380542185
0.526162790698,2.7080502011
0.386989872468,3.4657359028
0.342429482371,3.52636052462
0.739075768942,0.69314718056
0.643717179295,1.79175946923
0.472387471868,2.56494935746
0.863348087022,1.38629436112
0.711621155289,2.8903717579
0.691069767442,0.69314718056
0.644036009002,3.09104245336
0.601738184546,3.04452243772
0.81151987997,0.69314718056
0.573673668417,1.94591014906
0.540902100525,3.36729582999
0.828398349587,2.48490664979
0.391969242311,2.63905732962
0.674674418605,1.94591014906
0.752150787697,0.69314718056
0.404199549887,3.82864139649
0.608073893473,1.60943791243
0.892451612903,0.69314718056
0.0932948237059,4.2341065046
0.828745686422,1.60943791243
0.778070517629,1.09861228867
0.6913975994,1.60943791243
0.72994036009,1.38629436112
0.471195048762,1.79175946923
0.432261815454,3.82864139649
0.483589647412,2.48490664979
0.711951987997,1.60943791243
0.441980495124,4.2341065046
0.806997749437,1.60943791243
0.163175543886,4.26267987704
0.608383345836,2.63905732962
0.730273818455,1.94591014906
0.679813953488,1.79175946923
0.829988372093,1.79175946923
0.687852963241,2.48490664979
0.602046136534,2.7080502011
0.315899474869,2.94443897917
0.662903225806,1.79175946923
0.583117779445,1.94591014906
0.377086271568,3.09104245336
0.466914103526,2.19722457734
0.25886084021,4.09434456222
0.0960907726932,4.33073334029
0.541196549137,3.21887582487
0.526453488372,3.73766961828
0.120978619655,4.44265125649
0.65167291823,2.56494935746
0.259069767442,4.49980967033
0.532475243811,2.48490664979
0.467190547637,1.60943791243
0.168080270068,4.82028156561
0.318744186047,2.19722457734
0.752487621905,1.09861228867
0.78663915979,2.30258509299
0.382627156789,2.07944154168
0.351531132783,4.09434456222
0.318977869467,2.48490664979
0.387245311328,2.7080502011
0.548199549887,1.60943791243
0.477372843211,1.09861228867
0.526744186047,3.78418963392
0.688180045011,0.69314718056
0.392225431358,2.07944154168
0.11963315829,4.66343909411
0.332170667667,2.99573227355
0.124879219805,2.48490664979
0.228738934734,2.94443897917
0.471473368342,3.4657359028
0.628699549887,1.09861228867
0.56553375844,3.66356164613
0.184187171793,4.35670882669
0.733098274569,1.09861228867
0.392481620405,2.07944154168
0.379919354839,1.60943791243
0.419951987997,2.63905732962
0.676429107277,0.69314718056
0.548495873968,2.48490664979
0.739411102776,3.17805383035
0.197158289572,3.40119738166
0.683664666167,1.79175946923
0.418043135784,4.15888308336
0.358370592648,2.94443897917
0.581487996999,2.3978952728
0.683990997749,1.60943791243
0.736574268567,0.69314718056
0.25647411853,3.295836866
0.527034883721,2.63905732962
0.579255813953,1.38629436112
0.794205926482,1.38629436112
0.411075018755,2.63905732962
0.296399099775,2.83321334406
0.486571642911,1.94591014906
0.543065266317,1.60943791243
0.6086927982,1.09861228867
0.445637284321,3.295836866
0.216931732933,3.17805383035
0.553746436609,3.40119738166
0.565833458365,1.09861228867
0.694157914479,3.61091791264
0.151743060765,3.13549421593
0.585963615904,1.79175946923
0.432527006752,2.56494935746
0.346744186047,2.83321334406
0.838255813953,2.3978952728
0.381554763691,2.19722457734
0.22281807952,2.99573227355
0.54879219805,1.94591014906
0.49077831958,2.07944154168
0.758214553638,2.3978952728
0.408150787697,4.04305126783
0.181086271568,3.68887945411
0.646829707427,2.48490664979
0.483870967742,1.38629436112
0.461905476369,1.79175946923
0.245790697674,2.19722457734
0.29357351838,2.48490664979
0.610788822206,2.07944154168
0.994256564141,1.38629436112
0.808911477869,1.09861228867
0.239806826707,3.13549421593
0.166828582146,3.4657359028
0.144839459865,4.00733318523
0.276500375094,3.21887582487
0.725788447112,1.09861228867
0.276716054014,3.295836866
0.660396099025,2.48490664979
0.574991372843,2.19722457734
0.351776444111,2.63905732962
0.447066766692,2.94443897917
0.220368342086,3.13549421593
0.815518379595,1.38629436112
0.375518379595,2.3978952728
0.300187546887,2.77258872224
0.230552138035,4.43081679884
0.240007501875,1.60943791243
0.259278694674,4.1743872699
0.435346211553,2.30258509299
0.143833458365,4.18965474203
0.807343210803,1.38629436112
0.474697674419,2.30258509299
0.132531882971,4.77912349311
0.191578394599,3.49650756147
0.2459939985,3.43398720449
0.0962160540135,2.94443897917
0.425333458365,2.56494935746
0.561533383346,2.07944154168
0.538349212303,0.69314718056
0.730607276819,1.38629436112
0.352021755439,4.69134788223
0.586267066767,0.69314718056
0.579558139535,0.69314718056
0.0869549887472,3.49650756147
0.551563765941,1.09861228867
0.163341710428,3.33220451018
0.387500750188,2.56494935746
0.860667666917,1.60943791243
0.509223555889,2.30258509299
0.660717929482,1.38629436112
0.609002250563,1.79175946923
0.418304576144,2.30258509299
0.356840210053,4.47733681448
0.228935108777,3.82864139649
0.387756189047,3.85014760171
0.266864966242,5.11799381242
0.538642910728,3.13549421593
0.125023255814,4.21950770518
0.0590667666917,4.2341065046
0.148000750188,3.61091791264
0.822299324831,1.09861228867
0.206652288072,3.295836866
0.527325581395,1.94591014906
0.247262565641,4.14313472639
0.699968867217,2.3978952728
0.13488372093,2.83321334406
0.166996249062,3.4657359028
0.100867216804,3.85014760171
0.0560765191298,3.98898404656
0.144995873968,3.52636052462
0.712282820705,2.3978952728
0.181261065266,2.83321334406
0.591417104276,1.09861228867
0.64435483871,1.09861228867
0.66103975994,2.48490664979
0.098344336084,4.45434729625
0.377338334584,2.77258872224
0.722309452363,1.79175946923
0.577329332333,1.38629436112
0.097132408102,4.46590811865
0.175783570893,4.81218435537
0.549088522131,1.09861228867
0.512282070518,2.3978952728
0.583420855214,1.38629436112
0.016067891973,3.89182029811
0.225432108027,3.25809653802
0.56613315829,1.38629436112
0.249857464366,4.06044301055
0.72264216054,1.79175946923
0.210472618155,2.3978952728
0.52761627907,2.3978952728
0.613820705176,2.77258872224
0.688507126782,1.94591014906
0.217932108027,3.55534806149
0.752824456114,1.60943791243
0.672273068267,1.60943791243
0.491061515379,1.38629436112
0.408409602401,3.21887582487
0.474976744186,1.09861228867
0.397036009002,2.7080502011
0.164210052513,3.04452243772
0.530916729182,1.09861228867
0.304043135784,2.7080502011
0.114119654914,4.04305126783
0.453246811703,2.07944154168
0.198839084771,4.40671924726
0.762096774194,1.09861228867
0.454416729182,2.30258509299
0.0309572393098,3.68887945411
0.408668417104,2.8903717579
0.0870742685671,2.94443897917
0.28676744186,3.52636052462
0.730940735184,1.38629436112
0.559633908477,1.94591014906
0.151903975994,2.07944154168
0.416921230308,2.94443897917
0.181825206302,3.295836866
0.156835708927,4.5747109785
0.148510127532,3.43398720449
0.617171792948,1.79175946923
0.392737809452,2.30258509299
0.404457989497,2.30258509299
0.26256564141,3.73766961828
0.639657914479,1.94591014906
0.364326706677,1.09861228867
0.404716429107,2.30258509299
0.417182295574,2.48490664979
0.232221305326,4.00733318523
0.615183795949,1.79175946923
0.867092273068,2.3978952728
0.16963615904,3.36729582999
0.341657914479,2.83321334406
0.377590397599,3.295836866
0.712613653413,1.38629436112
0.202910727682,4.27666611902
0.207813953488,3.04452243772
0.527906976744,3.13549421593
0.649629407352,2.30258509299
0.184363090773,4.07753744391
0.494349962491,1.09861228867
0.760070892723,1.09861228867
0.624139534884,0.69314718056
0.230748687172,2.3978952728
0.598429107277,2.7080502011
0.304271567892,3.17805383035
0.3742048012,1.09861228867
0.946181545386,1.09861228867
0.175955738935,2.99573227355
0.411334208552,3.09104245336
0.355558889722,2.8903717579
0.203094523631,2.56494935746
0.570742685671,2.48490664979
0.199021005251,2.30258509299
0.280161290323,2.83321334406
0.672597524381,0.69314718056
0.514969992498,2.3978952728
0.573974493623,1.60943791243
0.298333458365,2.83321334406
0.541490997749,3.80666248977
0.404974868717,3.61091791264
0.412448612153,2.3978952728
0.0467179294824,5.3375380797
0.726121530383,1.38629436112
0.0750225056264,4.15888308336
0.680139534884,1.94591014906
0.270507501875,1.09861228867
0.225626781695,2.07944154168
0.629015003751,2.07944154168
0.00577944486122,4.36944785247
0.712944486122,0.69314718056
0.0203994748687,3.49650756147
0.651993623406,1.38629436112
0.070127531883,3.58351893846
0.319211552888,2.07944154168
0.0393623405851,3.97029191355
0.44367291823,2.48490664979
0.212300075019,2.19722457734
0.88492648162,1.09861228867
0.838604651163,1.38629436112
0.448498499625,2.63905732962
0.405233308327,1.60943791243
0.280378469617,2.77258872224
0.3929939985,2.56494935746
0.352267066767,2.63905732962
0.0161170292573,4.67282883446
0.541785446362,1.09861228867
0.0132708177044,4.63472898823
0.653719429857,1.79175946923
0.197339834959,2.83321334406
0.344218304576,2.94443897917
0.0554516129032,2.99573227355
0.290804576144,2.3978952728
0.352512378095,2.56494935746
0.140870217554,2.83321334406
0.0890150037509,2.99573227355
0.717545386347,2.07944154168
0.388011627907,2.07944154168
0.254720180045,2.48490664979
0.169804951238,2.56494935746
0.236666166542,2.07944154168
0.722974868717,1.79175946923
0.484152288072,2.3978952728
0.0445802700675,3.4657359028
0.621395348837,2.94443897917
0.445906226557,1.09861228867
0.190062265566,3.13549421593
0.104369842461,2.94443897917
0.422808702176,0.69314718056
0.0751331582896,3.33220451018
0.778412978245,0.69314718056
0.0630787696924,2.63905732962
0.393250187547,3.43398720449
0.43279219805,2.19722457734
0.77875543886,1.60943791243
0.509511252813,1.79175946923
0.42865903976,1.60943791243
0.220561140285,1.79175946923
0.184539009752,1.60943791243
0.091991747937,2.77258872224
0.481259189797,1.09861228867
0.103251312828,2.99573227355
0.237910727682,1.60943791243
0.326532633158,2.3978952728
0.758552138035,1.09861228867
0.758889722431,1.38629436112
0.0591665416354,3.87120101091
0.532766691673,3.25809653802
0.279460615154,2.8903717579
0.42892348087,1.79175946923
0.213711927982,4.91265488574
0.306416729182,2.30258509299
0.393506376594,1.60943791243
0.549384846212,1.09861228867
0.0723679669917,2.48490664979
0.408927231808,2.48490664979
0.256682295574,1.79175946923
0.0265806451613,3.91202300543
0.225821455364,1.79175946923
0.332408102026,2.30258509299
0.15004276069,2.83321334406
0.494633908477,1.94591014906
0.141024006002,2.48490664979
0.0963413353338,4.5538768916
0.291027756939,1.94591014906
0.109001500375,4.12713438505
0.413304576144,1.09861228867
0.197521380345,3.04452243772
0.397293323331,2.94443897917
0.480055513878,2.63905732962
0.0752438109527,3.40119738166
0.226016129032,2.30258509299
0.319445236309,2.07944154168
0.426994748687,2.3978952728
0.733432108027,0.69314718056
0.753161290323,1.09861228867
0.551860465116,0.69314718056
0.10575843961,4.18965474203
0.485361215304,3.4657359028
0.0349804951238,5.47646355193
0.491344711178,3.4657359028
0.639975993999,0.69314718056
0.220753938485,3.13549421593
0.538936609152,1.94591014906
0.300414103526,1.38629436112
0.377842460615,3.43398720449
0.0614482370593,4.31748811354
0.0856620405101,3.09104245336
0.0285352588147,4.64439089914
0.238110652663,2.30258509299
0.31967891973,3.63758615973
0.293797449362,1.79175946923
0.425597149287,0.69314718056
0.41468192048,2.56494935746
0.388267066767,1.79175946923
0.0934182295574,3.36729582999
0.360398349587,1.94591014906
0.421942985746,2.19722457734
0.0655896474119,3.43398720449
0.691725431358,1.60943791243
0.280595648912,2.77258872224
0.167163915979,2.3978952728
0.741245311328,1.38629436112
0.230945236309,3.04452243772
0.0229613653413,3.04452243772
0.367224306077,1.94591014906
0.0482070517629,2.83321334406
0.000293698424606,4.66343909411
0.0246177794449,2.56494935746
0.00666729182296,4.40671924726
0.374456114029,1.09861228867
0.5190060015,1.38629436112
0.148668792198,2.99573227355
0.0829107276819,3.61091791264
0.246197299325,3.63758615973
0.211501500375,2.77258872224
0.397550637659,1.79175946923
0.195620405101,2.30258509299
0.496140285071,1.60943791243
0.119774568642,3.295836866
0.292634658665,2.77258872224
0.0324542385596,4.21950770518
0.352757689422,1.79175946923
0.370832708177,2.19722457734
0.0129804951238,4.56434819147
0.00300675168792,4.97673374242
0.0335903975994,4.52178857705
0.633158289572,1.60943791243
0.587903225806,1.94591014906
0.0555483870968,3.80666248977
0.0115881470368,3.09104245336
0.161611777944,3.89182029811
0.0528173293323,3.7135720667
0.57104276069,1.09861228867
0.528197674419,2.19722457734
0.00543285821455,3.73766961828
0.34064516129,2.30258509299
0.18256564141,1.60943791243
0.885282445611,1.09861228867
0.447336084021,1.38629436112
0.549681170293,0.69314718056
0.133462865716,1.60943791243
0.0638503375844,3.43398720449
0.0210952738185,4.83628190695
0.385089272318,1.60943791243
0.698184546137,2.19722457734
0.0172663165791,4.14313472639
0.358617404351,1.94591014906
0.454688672168,1.60943791243
0.278544261065,2.19722457734
0.371889722431,2.07944154168
0.41159339835,2.94443897917
0.69448612153,1.38629436112
0.139228807202,2.94443897917
0.0875873968492,2.77258872224
0.0921144036009,1.94591014906
0.0639534883721,3.04452243772
0.158506751688,2.30258509299
0.0798983495874,3.52636052462
0.24746624156,2.3978952728
7.951987997e-05,5.12989871492
0.130939234809,3.43398720449
0.519295948987,2.30258509299
0.633474868717,2.7080502011
0.158670667667,5.34233425196
0.554043510878,2.56494935746
0.55533795949,1.09861228867
0.736909227307,1.38629436112
0.131567891973,3.63758615973
0.243916729182,2.19722457734
0.342672168042,2.30258509299
0.219362340585,2.7080502011
0.151068267067,2.77258872224
0.0183270817704,2.30258509299
0.184714928732,2.56494935746
0.378094523631,3.21887582487
0.484433608402,3.13549421593
0.566432858215,2.3978952728
0.0922370592648,1.94591014906
0.033056264066,3.09104245336
0.165618904726,2.3978952728
0.0877070517629,1.60943791243
0.450016504126,1.38629436112
0.409186046512,3.25809653802
0.0163885971493,3.09104245336
0.0121717929482,4.15888308336
0.24640060015,1.38629436112
0.112467366842,3.95124371858
0.236865716429,2.19722457734
0.0110750187547,2.63905732962
0.0187486871718,2.48490664979
0.433057389347,2.07944154168
0.388522505626,1.09861228867
0.0734928732183,4.48863636973
0.00116466616654,4.11087386417
0.347521380345,1.60943791243
0.542079894974,2.56494935746
0.197702925731,0.69314718056
0.0385701425356,3.295836866
0.308339459865,2.48490664979
0.0909414853713,3.43398720449
0.0173177044261,4.24849524205
0.0685738934734,2.48490664979
0.212489122281,1.60943791243
0.558334583646,0.69314718056
0.454960615154,0.69314718056
0.021635783946,3.97029191355
0.491627906977,0.69314718056
0.633791447862,1.79175946923
0.0666916729182,3.49650756147
0.423071642911,1.79175946923
0.399418604651,2.30258509299
0.405491747937,2.07944154168
0.319912603151,1.60943791243
0.581790697674,1.09861228867
0.257978994749,2.7080502011
0.158834583646,4.56434819147
0.0702344336084,1.94591014906
0.184890847712,2.77258872224
0.571342835709,1.38629436112
0.000222055513878,5.06259503303
0.199202925731,3.73766961828
0.0765337584396,4.39444915467
0.475255813953,1.38629436112
0.081607651913,3.09104245336
0.463992873218,3.33220451018
0.288450112528,1.94591014906
0.0943585896474,3.95124371858
0.238957989497,2.83321334406
0.00174043510878,4.40671924726
0.515258814704,2.83321334406
0.612459114779,1.94591014906
0.109135408852,2.94443897917
0.0883773443361,2.99573227355
0.00395948987247,3.97029191355
0.185066766692,1.38629436112
0.464268567142,1.94591014906
0.0266451612903,3.63758615973
0.300640660165,1.60943791243
0.528488372093,2.07944154168
0.598736309077,1.38629436112
0.0438267066767,2.63905732962
0.131087021755,3.52636052462
0.0058064516129,2.7080502011
0.316132783196,1.38629436112
0.0573353338335,3.40119738166
0.182741185296,1.94591014906
0.0667966991748,2.77258872224
0.0177029257314,3.40119738166
0.275158289572,3.04452243772
0.261048387097,2.30258509299
0.528779069767,1.09861228867
0.281782820705,1.79175946923
0.680465116279,1.38629436112
0.111885971493,3.52636052462
0.602354088522,3.36729582999
0.71327531883,1.38629436112
0.0472708177044,4.06044301055
0.0249542385596,4.89783979995
0.285839459865,2.30258509299
0.441094523631,2.83321334406
0.256890472618,2.30258509299
0.0360660165041,3.63758615973
0.169973743436,3.17805383035
0.291250937734,3.09104245336
0.172212303076,3.43398720449
0.164376594149,2.56494935746
0.0695618904726,1.94591014906
0.726454613653,1.38629436112
0.329512378095,1.38629436112
0.0753544636159,1.79175946923
0.397807951988,1.79175946923
0.0375798949737,0.69314718056
0.35300300075,1.09861228867
0.0766451612903,2.56494935746
0.0615491372843,5.32300997914
0.561832708177,1.60943791243
0.42586084021,3.21887582487
0.00583345836459,4.2341065046
0.164543135784,1.38629436112
0.779097899475,0.69314718056
0.00425356339085,2.99573227355
0.275373593398,2.3978952728
0.529069767442,1.09861228867
0.0669017254314,3.55534806149
0.257098649662,2.63905732962
0.219554763691,2.63905732962
0.0292614403601,3.98898404656
0.0670067516879,3.55534806149
0.357086646662,1.38629436112
0.575292573143,1.09861228867
0.223012003001,2.56494935746
0.0106136534134,3.04452243772
0.114982745686,3.7135720667
0.655447486872,1.09861228867
0.0507951987997,3.85014760171
0.467466991748,2.56494935746
0.0498342085521,2.99573227355
0.0616500375094,4.58496747867
0.261258064516,2.19722457734
0.00776669167292,3.63758615973
0.00386984246062,4.04305126783
0.389860465116,1.38629436112
0.0423015753938,3.4657359028
0.503527381845,1.79175946923
0.27072168042,0.69314718056
0.0151451612903,3.76120011569
0.223205926482,1.09861228867
0.0310277569392,2.8903717579
0.420213803451,3.89182029811
0.0953034508627,1.94591014906
0.156999249812,2.07944154168
0.221806451613,0.69314718056
0.156312828207,1.79175946923
0.122188672168,1.79175946923
0.031759939985,2.7080502011
0.260162790698,2.3978952728
0.375770067517,3.13549421593
0.00752438109527,3.04452243772
0.0140840210053,3.93182563272
0.0468060765191,2.8903717579
0.234583645911,2.48490664979
0.726787696924,1.09861228867
0.00314291072768,2.48490664979
0.11072768192,2.07944154168
0.0122160540135,3.21887582487
0.00302475618905,3.82864139649
0.300867216804,1.38629436112
0.155269317329,1.09861228867
0.342914853713,1.09861228867
0.199384846212,1.38629436112
0.0923597149287,2.07944154168
0.684317329332,1.09861228867
0.00332858214554,3.61091791264
0.0617509377344,2.8903717579
0.38288072018,1.09861228867
0.215509377344,3.21887582487
0.0549474868717,1.94591014906
0.194492873218,3.49650756147
0.260372093023,1.94591014906
0.529360465116,1.38629436112
0.398065266317,1.60943791243
0.261467741935,2.07944154168
0.296624156039,1.94591014906
0.36747411853,1.09861228867
0.00779932483121,2.19722457734
0.0671117779445,2.7080502011
0.0078319579895,3.87120101091
0.270935858965,1.60943791243
0.232418604651,4.14313472639
0.393762565641,1.38629436112
0.753498124531,0.69314718056
0.170142535634,1.94591014906
0.157162790698,2.56494935746
0.0944827456864,2.83321334406
0.0785806451613,2.94443897917
0.306645911478,1.60943791243
0.529651162791,0.69314718056
0.000297074268567,5.12989871492
0.0432951987997,1.79175946923
0.0111166541635,2.19722457734
0.792652663166,1.38629436112
0.0361417854464,3.25809653802
0.0173690922731,3.52636052462
0.121120780195,4.89783979995
0.353248312078,1.79175946923
0.0550438859715,2.8903717579
0.142330082521,0.69314718056
0.741581020255,1.60943791243
0.103381845461,2.7080502011
0.170311327832,4.11087386417
0.100995873968,1.79175946923
0.157326331583,2.56494935746
0.0964666166542,2.63905732962
0.00586046511628,2.07944154168
0.496424606152,1.60943791243
0.0275693923481,2.63905732962
0.205262565641,1.09861228867
0.0484992498125,1.94591014906
0.003759939985,3.55534806149
0.271839459865,1.38629436112
0.500780570143,1.09861228867
0.329749437359,2.30258509299
0.680790697674,0.69314718056
0.00123330832708,3.68887945411
0.0293293323331,2.83321334406
0.161777194299,2.3978952728
0.000436609152288,4.43081679884
0.179052138035,3.09104245336
0.0504958739685,1.60943791243
0.0739643660915,4.1743872699
0.254927606902,0.69314718056
0.0786935483871,3.13549421593
0.0485888972243,2.30258509299
0.583723930983,1.38629436112
0.125167291823,1.38629436112
0.157489872468,2.19722457734
0.100188297074,2.19722457734
0.161942610653,2.94443897917
0.199566766692,1.79175946923
0.320146286572,0.69314718056
0.0331282820705,3.33220451018
0.0450337584396,2.30258509299
0.0135813953488,2.30258509299
0.109269317329,0.69314718056
0.00304276069017,4.02535169074
0.109403225806,2.8903717579
0.0686800450113,1.60943791243
0.0097359339835,2.99573227355
0.000173293323331,4.06044301055
0.418566016504,2.07944154168
0.0188019504876,2.77258872224
0.00103975993998,3.89182029811
0.122331582896,2.30258509299
0.201762940735,3.295836866
0.39011627907,1.94591014906
0.247669917479,3.43398720449
0.45523255814,0.69314718056
0.0030607651913,4.47733681448
0.00135558889722,3.55534806149
0.190240060015,2.8903717579
0.0703413353338,1.38629436112
0.114257314329,2.56494935746
0.126359714929,1.94591014906
0.0535228807202,2.94443897917
0.01742048012,3.17805383035
0.0417554388597,4.8751973232
0.0386485371343,2.63905732962
0.00638297074269,3.43398720449
0.320379969992,2.83321334406
0.00117329332333,4.64439089914
0.0216931732933,3.61091791264
0.0433795948987,2.7080502011
0.158998499625,1.09861228867
0.112021755439,1.60943791243
0.227277944486,1.38629436112
0.109537134284,2.83321334406
0.0027175543886,3.87120101091
0.0113008252063,3.80666248977
0.0156039009752,2.3978952728
0.157653413353,1.94591014906
0.0817224306077,1.38629436112
0.197884471118,2.07944154168
0.205447486872,2.48490664979
0.0325258814704,2.30258509299
0.175057014254,3.21887582487
0.405750187547,0.69314718056
0.0156526631658,1.38629436112
0.332645536384,2.07944154168
0.0255701425356,3.295836866
0.433322580645,1.60943791243
0.000695048762191,3.89182029811
0.00453713428357,4.1743872699
0.521129032258,0.69314718056
0.0141312828207,3.09104245336
0.0267096774194,2.56494935746
0.0049759939985,3.17805383035
0.00588747186797,3.43398720449
0.0902970742686,1.94591014906
0.0618518379595,2.07944154168
0.137785071268,4.04305126783
0.17048012003,1.09861228867
0.0379174793698,4.74493212836
0.00545948987247,3.40119738166
0.74424756189,1.38629436112
0.0336627906977,1.38629436112
0.364575393848,1.09861228867
0.0754651162791,4.12713438505
0.136990247562,1.38629436112
0.247873593398,3.78418963392
0.376021755439,1.38629436112
0.324600150038,1.79175946923
0.0310982745686,2.77258872224
0.204292573143,1.60943791243
0.193504501125,0.69314718056
0.00038784696174,4.15888308336
0.0464313578395,3.33220451018
0.320613653413,2.07944154168
0.215699924981,1.60943791243
0.116790697674,3.43398720449
0.00900600150038,3.21887582487
0.0122603150788,3.52636052462
0.259487621905,1.79175946923
0.170648912228,2.56494935746
0.0792948237059,2.07944154168
0.0397078019505,2.19722457734
0.00324456114029,3.13549421593
0.125311327832,0.69314718056
0.00641185296324,4.36944785247
0.031168792198,2.48490664979
0.248990997749,2.19722457734
0.0256339084771,1.79175946923
0.0237224306077,1.60943791243
0.133612153038,2.48490664979
0.00287359339835,2.7080502011
0.185242685671,1.09861228867
0.521419354839,1.09861228867
0.139723930983,1.38629436112
0.116930232558,2.30258509299
0.0984707426857,2.48490664979
0.159162415604,2.77258872224
0.223399849962,0.69314718056
0.145152288072,1.79175946923
0.0288972243061,1.60943791243
0.0217505626407,1.94591014906
0.0190952738185,3.89182029811
0.455504501125,0.69314718056
0.453518379595,1.79175946923
0.076756564141,2.7080502011
0.00238372093023,3.61091791264
0.00231057764441,4.7957905456
0.138429857464,2.19722457734
0.0196054013503,2.94443897917
0.0924823705926,2.99573227355
0.450911477869,1.09861228867
0.469647411853,1.94591014906
0.141177794449,3.13549421593
0.00347899474869,2.77258872224
0.00316129032258,4.36944785247
0.000175918979745,4.52178857705
0.170817704426,2.30258509299
0.0196601650413,2.30258509299
0.0818372093023,3.36729582999
0.001048012003,3.78418963392
0.0513960990248,3.80666248977
0.360645536384,1.94591014906
0.28513315829,1.79175946923
0.240208177044,1.38629436112
0.353493623406,1.79175946923
0.129833458365,2.07944154168
0.0188552138035,2.94443897917
0.0492666916729,2.30258509299
0.0468942235559,1.60943791243
0.486853713428,1.60943791243
0.357333083271,2.07944154168
0.0312393098275,1.60943791243
0.0839534883721,0.69314718056
0.309303075769,1.38629436112
0.0145292573143,2.63905732962
0.188951612903,1.09861228867
0.0672168042011,2.07944154168
0.185418604651,1.79175946923
0.0362175543886,1.38629436112
0.101124531133,2.63905732962
0.033200300075,2.99573227355
0.367723930983,1.79175946923
0.081951987997,2.07944154168
0.457935483871,1.38629436112
0.261677419355,2.48490664979
0.125455363841,1.60943791243
0.0151935483871,3.43398720449
0.323142535634,2.3978952728
0.0592663165791,1.94591014906
0.141331582896,0.69314718056
0.00201200300075,2.77258872224
0.399676294074,2.3978952728
0.0493570892723,2.48490664979
0.0574343585896,3.09104245336
0.0678784696174,2.07944154168
0.0130258814704,2.77258872224
0.0145768942236,3.33220451018
0.0133165791448,1.38629436112
0.00239909977494,3.295836866
0.101253188297,0.69314718056
0.0242610652663,2.19722457734
0.0362933233308,3.7135720667
0.152741935484,2.3978952728
0.137141785446,0.69314718056
0.0179876219055,2.07944154168
0.374707426857,1.38629436112
0.0226984246062,2.30258509299
0.378346586647,1.09861228867
0.406008627157,1.38629436112
0.192741935484,1.79175946923
0.00939534883721,2.63905732962
0.0619527381845,2.94443897917
0.205632408102,2.07944154168
0.0640566391598,3.25809653802
0.0189084771193,4.00733318523
0.0276350337584,3.73766961828
0.0673218304576,2.99573227355
0.0141785446362,0.69314718056
0.017471867967,1.94591014906
0.324835708927,1.79175946923
0.0674268567142,2.83321334406
0.00398124531133,3.33220451018
0.0299534883721,1.94591014906
0.0318308327082,1.60943791243
0.13376144036,1.09861228867
0.0439114778695,2.07944154168
0.409444861215,1.09861228867
0.0516976744186,2.30258509299
0.0106541635409,2.48490664979
0.0146245311328,1.79175946923
0.413564516129,0.69314718056
0.0081695423856,3.97029191355
0.0167876969242,2.94443897917
0.0227576894224,4.2341065046
0.353738934734,1.38629436112
0.0820667666917,1.38629436112
0.353984246062,1.94591014906
0.159326331583,2.77258872224
0.176127906977,1.09861228867
0.0152419354839,4.02535169074
0.502010502626,1.38629436112
0.326768567142,2.94443897917
0.0910633908477,2.7080502011
0.0152903225806,1.79175946923
0.0161661665416,0.69314718056
0.271150037509,2.94443897917
0.42918792198,1.09861228867
0.00411627906977,1.94591014906
0.0256976744186,1.09861228867
0.047359339835,2.63905732962
0.0319017254314,2.77258872224
0.596777944486,0.69314718056
0.0100825206302,1.79175946923
0.0363690922731,1.79175946923
0.0404838709677,2.07944154168
0.170986496624,2.7080502011
0.00378094523631,1.60943791243
0.198066016504,1.38629436112
0.104501125281,1.09861228867
0.0412940735184,2.30258509299
0.316366091523,2.63905732962
0.159490247562,1.60943791243
0.111306076519,3.09104245336
0.133910727682,0.69314718056
0.439406976744,1.09861228867
0.179225806452,1.94591014906
0.0946069017254,0.69314718056
0.0354088522131,2.3978952728
0.126504126032,1.38629436112
0.0045607651913,2.77258872224
0.000701425356339,2.3978952728
0.118435858965,1.09861228867
0.182916729182,1.09861228867
0.186871717929,1.79175946923
0.0641597899475,3.4657359028
0.378598649662,1.38629436112
0.0840697674419,2.3978952728
0.0642629407352,2.7080502011
0.0755757689422,1.09861228867
0.0575333833458,2.07944154168
0.312245311328,2.07944154168
0.12559939985,1.09861228867
0.180348837209,1.60943791243
0.122474493623,2.19722457734
0.371083270818,1.09861228867
0.162108027007,1.09861228867
0.0821815453863,2.07944154168
0.183092273068,0.69314718056
0.0884977494374,2.07944154168
0.0434639909977,2.77258872224
0.137293323331,2.30258509299
0.00520217554389,3.58351893846
0.000789947486872,2.7080502011
0.00728507126782,2.30258509299
0.310037509377,2.07944154168
0.057632408102,3.93182563272
0.0696684171043,1.60943791243
0.0682258064516,2.07944154168
0.016215303826,0.69314718056
0.013071267817,2.56494935746
0.128768942236,2.19722457734
0.536781695424,1.09861228867
0.378850712678,1.38629436112
0.00500112528132,2.63905732962
0.190417854464,1.38629436112
0.515547636909,0.69314718056
0.0478267066767,1.79175946923
0.107059264816,0.69314718056
0.0096031507877,2.48490664979
0.125743435859,2.3978952728
0.152064891223,1.38629436112
0.00349887471868,2.83321334406
0.0397876969242,2.7080502011
0.0593660915229,1.09861228867
0.264816954239,1.79175946923
0.171155288822,1.09861228867
0.040215303826,1.94591014906
0.0346560390098,2.3978952728
0.273604276069,0.69314718056
0.562132033008,0.69314718056
0.024680420105,1.60943791243
0.327004501125,1.38629436112
0.0257614403601,3.58351893846
0.0857801950488,1.79175946923
0.0136279069767,2.48490664979
0.0756864216054,1.38629436112
0.0157014253563,2.77258872224
0.132680795199,1.60943791243
0.017523255814,1.38629436112
0.430061515379,1.09861228867
0.012304576144,1.09861228867
0.0871935483871,1.60943791243
0.0354838709677,2.19722457734
0.246603900975,1.09861228867
0.0289647411853,0.69314718056
0.0277006751688,2.19722457734
0.00716654163541,2.19722457734
0.0116309077269,2.77258872224
0.190595648912,1.09861228867
0.00591447861965,0.69314718056
0.021807951988,0.69314718056
0.0911852963241,1.79175946923
0.0267741935484,1.79175946923
0.0656939234809,3.09104245336
0.0111582895724,1.09861228867
0.406267066767,2.3978952728
0.0954283570893,1.60943791243
0.0724771192798,0.69314718056
0.0935416354089,1.09861228867
0.150202550638,2.7080502011
0.244119654914,1.38629436112
0.185594523631,2.7080502011
0.101677419355,0.69314718056
0.157816954239,1.60943791243
0.0715453863466,2.19722457734
0.00922730682671,3.58351893846
0.0183795948987,2.07944154168
0.0157501875469,0.69314718056
0.00533008252063,2.48490664979
0.208605776444,0.69314718056
0.306875093773,1.38629436112
0.0800120030008,2.19722457734
0.0454894973743,1.09861228867
0.0757970742686,1.60943791243
0.0965918979745,0.69314718056
0.100316579145,1.79175946923
0.014672168042,1.94591014906
0.109671042761,0.69314718056
0.17132408102,1.79175946923
0.00522805701425,2.07944154168
0.00686646661665,1.94591014906
0.0341579144786,1.38629436112
0.358864216054,0.69314718056
0.134396849212,1.38629436112
0.185770442611,1.60943791243
0.0967171792948,1.09861228867
0.00731620405101,2.56494935746
0.115746436609,1.94591014906
0.0325975243811,0.69314718056
0.276931732933,0.69314718056
0.294021380345,1.09861228867
0.0886181545386,2.99573227355
0.0451200300075,0.69314718056
0.0435483870968,0.69314718056
0.089135783946,2.07944154168
0.0326691672918,0.69314718056
0.0123488372093,0.69314718056
0.125887471868,1.79175946923
0.501065266317,1.38629436112
0.114394973743,2.30258509299
0.20683795949,1.38629436112
0.0897760690173,1.09861228867
0.187799324831,1.79175946923
0.257306826707,0.69314718056
0.0337351837959,1.60943791243
0.18594636159,2.56494935746
0.0768679669917,1.09861228867
0.333934733683,1.94591014906
0.176684171043,1.60943791243
0.00427606901725,4.43081679884
0.0103147036759,1.09861228867
0.0904186046512,2.19722457734
0.013784696174,2.30258509299
0.0376575393848,0.69314718056
0.282000750188,2.77258872224
0.00943323330833,1.38629436112
0.104632408102,2.30258509299
0.00400300075019,1.94591014906
0.154262565641,1.09861228867
0.0620536384096,1.94591014906
0.0250172543136,1.09861228867
0.045576144036,0.69314718056
0.0543285821455,1.09861228867
0.00351875468867,1.38629436112
0.29147411853,1.09861228867
0.082296324081,1.60943791243
0.0347299324831,0.69314718056
0.0788064516129,1.60943791243
0.0268387096774,1.38629436112
0.0418379594899,1.94591014906
